0.000 0.000
8.750 0.000
4.380 7.580
-4.380 7.580
-8.750 0.000
-4.380 -7.580
4.380 -7.580
8.750 0.000
16.040 9.260
8.490 16.460
-1.760 18.440
-11.450 14.560
-17.500 6.060
-18.000 -4.370
-12.780 -13.400
-3.500 -18.190
6.880 -17.190
15.090 -10.740
18.500 -0.880
16.040 9.260
20.300 21.290
10.610 27.440
-0.700 29.410
-11.900 26.910
-21.290 20.300
-27.440 10.610
-29.410 -0.700
-26.910 -11.900
-20.300 -21.290
-10.610 -27.440
0.700 -29.410
11.900 -26.910
21.290 -20.300
27.440 -10.610
29.410 0.700
26.910 11.900
20.300 21.290
22.270 35.120
10.930 40.120
-1.380 41.560
-13.570 39.310
-24.550 33.570
-33.360 24.840
-39.190 13.900
-41.550 1.730
-40.210 -10.590
-35.310 -21.980
-27.260 -31.410
-16.790 -38.050
-4.830 -41.300
7.560 -40.890
19.280 -36.850
29.280 -29.530
36.680 -19.590
40.830 -7.910
41.340 4.480
38.190 16.470
31.640 26.990
22.270 35.120
22.270 50.470
9.020 54.420
-4.790 54.950
-18.310 52.040
-30.680 45.850
-41.110 36.780
-48.970 25.400
-53.750 12.420
-55.150 -1.330
-53.080 -15.010
-47.680 -27.740
-39.290 -38.720
-28.420 -47.280
-15.770 -52.860
-2.130 -55.120
11.640 -53.920
24.690 -49.330
36.180 -41.640
45.400 -31.340
51.770 -19.060
54.880 -5.590
54.540 8.230
50.780 21.540
43.830 33.490
34.120 43.340
22.270 50.470
20.110 67.380
5.150 70.130
-10.040 69.590
-24.770 65.810
-38.340 58.940
-50.110 49.320
-59.540 37.400
-66.190 23.720
-69.740 8.940
-70.040 -6.260
-67.050 -21.170
-60.930 -35.090
-51.960 -47.370
-40.570 -57.430
-27.270 -64.810
-12.700 -69.160
2.460 -70.270
17.510 -68.100
31.740 -62.740
44.490 -54.450
55.150 -43.620
63.240 -30.740
68.370 -16.430
70.300 -1.350
68.950 13.800
64.370 28.300
56.780 41.470
46.540 52.710
34.120 61.480
20.110 67.380
15.760 85.790
-1.280 87.210
-18.270 85.290
-34.560 80.080
-49.520 71.800
-62.580 60.760
-73.230 47.390
-81.070 32.190
-85.790 15.760
-87.210 -1.280
-85.290 -18.270
-80.080 -34.560
-71.800 -49.520
-60.760 -62.580
-47.390 -73.230
-32.190 -81.070
-15.760 -85.790
1.280 -87.210
18.270 -85.290
34.560 -80.080
49.520 -71.800
62.580 -60.760
73.230 -47.390
81.070 -32.190
85.790 -15.760
87.210 1.280
85.290 18.270
80.080 34.560
71.800 49.520
60.760 62.580
47.390 73.230
32.190 81.070
15.760 85.790
8.850 105.720
-10.170 105.600
-28.870 102.090
-46.630 95.300
-62.900 85.440
-77.140 72.830
-88.910 57.890
-97.820 41.080
-103.580 22.960
-106.010 4.090
-105.040 -14.900
-100.690 -33.420
-93.110 -50.860
-82.530 -66.670
-69.300 -80.330
-53.840 -91.420
-36.650 -99.560
-18.290 -104.510
0.670 -106.090
19.600 -104.270
37.900 -99.090
54.990 -90.730
70.300 -79.460
83.360 -65.630
93.740 -49.690
101.110 -32.150
105.220 -13.580
105.960 5.430
103.280 24.260
97.290 42.310
88.170 59.000
76.220 73.800
61.820 86.220
45.430 95.870
27.580 102.450
8.850 105.720
-0.800 127.150
-22.280 125.190
-43.110 119.620
-62.710 110.610
-80.500 98.430
-95.980 83.410
-108.690 65.990
-118.280 46.670
-124.470 26.010
-127.070 4.600
-126.020 -16.940
-121.340 -38.000
-113.180 -57.960
-101.750 -76.250
-87.400 -92.350
-70.540 -105.790
-51.650 -116.190
-31.270 -123.250
-9.990 -126.760
11.580 -126.620
32.810 -122.850
53.100 -115.530
71.860 -104.900
88.560 -91.240
102.700 -74.970
113.900 -56.530
121.810 -36.470
126.220 -15.360
127.000 6.190
124.130 27.570
117.680 48.150
107.850 67.350
94.920 84.600
79.260 99.430
61.310 111.390
41.610 120.150
20.700 125.460
-0.800 127.150
-13.720 150.030
-37.020 146.040
-59.410 138.450
-80.340 127.450
-99.280 113.310
-115.790 96.390
-129.440 77.090
-139.910 55.890
-146.930 33.310
-150.330 9.920
-150.030 -13.720
-146.040 -37.020
-138.450 -59.410
-127.450 -80.340
-113.310 -99.280
-96.390 -115.790
-77.090 -129.440
-55.890 -139.910
-33.310 -146.930
-9.920 -150.330
13.720 -150.030
37.020 -146.040
59.410 -138.450
80.340 -127.450
99.280 -113.310
115.790 -96.390
129.440 -77.090
139.910 -55.890
146.930 -33.310
150.330 -9.920
150.030 13.720
146.040 37.020
138.450 59.410
127.450 80.340
113.310 99.280
96.390 115.790
77.090 129.440
55.890 139.910
33.310 146.930
9.920 150.330
-13.720 150.030
-29.880 174.340
-55.530 167.940
-79.940 157.790
-102.560 144.110
-122.900 127.220
-140.490 107.480
-154.940 85.340
-165.920 61.300
-173.210 35.880
-176.620 9.670
-176.090 -16.770
-171.620 -42.820
-163.320 -67.920
-151.370 -91.510
-136.050 -113.050
-117.680 -132.060
-96.680 -148.120
-73.520 -160.880
-48.720 -170.040
-22.840 -175.400
3.560 -176.850
29.880 -174.340
55.530 -167.940
79.940 -157.790
102.560 -144.110
122.900 -127.220
140.490 -107.480
154.940 -85.340
165.920 -61.300
173.210 -35.880
176.620 -9.670
176.090 16.770
171.620 42.820
163.320 67.920
151.370 91.510
136.050 113.050
117.680 132.060
96.680 148.120
73.520 160.880
48.720 170.040
22.840 175.400
-3.560 176.850
-29.880 174.340
-49.910 200.020
-77.870 190.880
-104.240 177.860
-128.490 161.210
-150.130 141.290
-168.710 118.480
-183.850 93.270
-195.250 66.150
-202.680 37.690
-205.980 8.460
-205.090 -20.940
-200.020 -49.910
-190.880 -77.870
-177.860 -104.240
-161.210 -128.490
-141.290 -150.130
-118.480 -168.710
-93.270 -183.850
-66.150 -195.250
-37.690 -202.680
-8.460 -205.980
20.940 -205.090
49.910 -200.020
77.870 -190.880
104.240 -177.860
128.490 -161.210
150.130 -141.290
168.710 -118.480
183.850 -93.270
195.250 -66.150
202.680 -37.690
205.980 -8.460
205.090 20.940
200.020 49.910
190.880 77.870
177.860 104.240
161.210 128.490
141.290 150.130
118.480 168.710
93.270 183.850
66.150 195.250
37.690 202.680
8.460 205.980
-20.940 205.090
-49.910 200.020
-74.200 227.000
-105.070 214.470
-133.900 197.760
-160.120 177.200
-183.220 153.190
-202.760 126.200
-218.350 96.750
-229.690 65.420
-236.560 32.820
-238.820 -0.420
-236.440 -33.660
-229.450 -66.230
-218.000 -97.520
-202.310 -126.910
-182.680 -153.830
-159.490 -177.760
-133.200 -198.230
-104.310 -214.840
-73.400 -227.260
-41.060 -235.270
-7.910 -238.690
25.380 -237.470
58.190 -231.630
89.860 -221.270
119.780 -206.610
147.370 -187.930
172.090 -165.600
193.460 -140.030
211.060 -111.750
224.560 -81.280
233.690 -49.240
238.270 -16.240
238.210 17.080
233.510 50.070
224.270 82.080
210.670 112.490
192.960 140.720
171.500 166.200
146.700 188.450
119.040 207.040
89.070 221.590
57.370 231.830
24.540 237.560
-8.760 238.660
-41.890 235.120
-74.200 227.000
-103.570 255.050
-136.640 238.970
-167.270 218.620
-194.920 194.380
-219.090 166.660
-239.350 135.970
-255.340 102.860
-266.770 67.910
-273.440 31.750
-275.230 -4.980
-272.110 -41.620
-264.140 -77.520
-251.450 -112.040
-234.270 -144.550
-212.910 -174.490
-187.760 -201.310
-159.250 -224.540
-127.900 -243.760
-94.270 -258.630
-58.960 -268.890
-22.590 -274.350
14.180 -274.910
50.690 -270.570
86.310 -261.400
120.380 -247.560
152.300 -229.310
181.500 -206.960
207.470 -180.920
229.730 -151.660
247.900 -119.680
261.640 -85.570
270.710 -49.940
274.950 -13.410
274.280 23.360
268.720 59.710
258.370 94.990
243.400 128.580
224.090 159.880
200.780 188.320
173.890 213.400
143.900 234.670
111.330 251.760
76.780 264.350
40.860 272.230
4.220 275.250
-32.510 273.350
-68.650 266.580
-103.570 255.050
-138.170 284.150
-174.070 263.690
-207.000 238.710
-236.390 209.650
-261.730 177.000
-282.600 141.320
-298.620 103.230
-309.540 63.370
-315.170 22.420
-315.400 -18.910
-310.230 -59.920
-299.750 -99.900
-284.150 -138.170
-263.690 -174.070
-238.710 -207.000
-209.650 -236.390
-177.000 -261.730
-141.320 -282.600
-103.230 -298.620
-63.370 -309.540
-22.420 -315.170
18.910 -315.400
59.920 -310.230
99.900 -299.750
138.170 -284.150
174.070 -263.690
207.000 -238.710
236.390 -209.650
261.730 -177.000
282.600 -141.320
298.620 -103.230
309.540 -63.370
315.170 -22.420
315.400 18.910
310.230 59.920
299.750 99.900
284.150 138.170
263.690 174.070
238.710 207.000
209.650 236.390
177.000 261.730
141.320 282.600
103.230 298.620
63.370 309.540
22.420 315.170
-18.910 315.400
-59.920 310.230
-99.900 299.750
-138.170 284.150
-178.940 313.950
-216.880 289.050
-251.390 259.590
-281.950 226.030
-308.050 188.910
-329.300 148.820
-345.360 106.370
-355.960 62.250
-360.960 17.140
-360.260 -28.230
-353.880 -73.160
-341.920 -116.940
-324.570 -158.870
-302.100 -198.300
-274.860 -234.600
-243.290 -267.200
-207.880 -295.580
-169.200 -319.310
-127.850 -338.000
-84.480 -351.350
-39.770 -359.170
5.560 -361.320
50.800 -357.780
95.240 -348.590
138.180 -333.900
178.940 -313.950
216.880 -289.050
251.390 -259.590
281.950 -226.030
308.050 -188.910
329.300 -148.820
345.360 -106.370
355.960 -62.250
360.960 -17.140
360.260 28.230
353.880 73.160
341.920 116.940
324.570 158.870
302.100 198.300
274.860 234.600
243.290 267.200
207.880 295.580
169.200 319.310
127.850 338.000
84.480 351.350
39.770 359.170
-5.560 361.320
-50.800 357.780
-95.240 348.590
-138.180 333.900
-178.940 313.950
-226.100 344.460
-266.720 314.060
-303.290 278.900
-335.270 239.520
-362.160 196.500
-383.560 150.510
-399.150 102.230
-408.690 52.410
-412.030 1.790
-409.130 -48.860
-400.020 -98.770
-384.850 -147.180
-363.850 -193.360
-337.330 -236.600
-305.700 -276.270
-269.430 -311.740
-229.080 -342.490
-185.260 -368.040
-138.630 -388.020
-89.890 -402.110
-39.800 -410.110
10.900 -411.890
61.440 -407.430
111.040 -396.790
158.960 -380.140
204.470 -357.720
246.880 -329.890
285.550 -297.050
319.890 -259.700
349.380 -218.430
373.570 -173.840
392.100 -126.610
404.690 -77.470
411.140 -27.150
411.360 23.580
405.350 73.960
393.190 123.210
375.060 170.590
351.260 215.390
322.130 256.920
288.110 294.560
249.730 327.730
207.560 355.940
162.250 378.750
114.480 395.820
64.970 406.880
14.470 411.780
-36.240 410.440
-86.400 402.880
-135.260 389.200
-182.060 369.630
-226.100 344.460
-280.760 375.160
-323.940 338.580
-362.390 297.070
-395.550 251.220
-422.950 201.710
-444.180 149.260
-458.930 94.630
-466.990 38.620
-468.240 -17.950
-462.660 -74.260
-450.340 -129.480
-431.450 -182.820
-406.270 -233.500
-375.160 -280.760
-338.580 -323.940
-297.070 -362.390
-251.220 -395.550
-201.710 -422.950
-149.260 -444.180
-94.630 -458.930
-38.620 -466.990
17.950 -468.240
74.260 -462.660
129.480 -450.340
182.820 -431.450
233.500 -406.270
280.760 -375.160
323.940 -338.580
362.390 -297.070
395.550 -251.220
422.950 -201.710
444.180 -149.260
458.930 -94.630
466.990 -38.620
468.240 17.950
462.660 74.260
450.340 129.480
431.450 182.820
406.270 233.500
375.160 280.760
338.580 323.940
297.070 362.390
251.220 395.550
201.710 422.950
149.260 444.180
94.630 458.930
38.620 466.990
-17.950 468.240
-74.260 462.660
-129.480 450.340
-182.820 431.450
-233.500 406.270
-280.760 375.160
-343.700 405.670
-390.090 361.290
-430.790 311.630
-465.220 257.440
-492.850 199.480
-513.310 138.620
-526.270 75.740
-531.560 11.750
-529.110 -52.410
-518.930 -115.800
-501.190 -177.510
-476.140 -236.630
-444.140 -292.290
-405.670 -343.700
-361.290 -390.090
-311.630 -430.790
-257.440 -465.220
-199.480 -492.850
-138.620 -513.310
-75.740 -526.270
-11.750 -531.560
52.410 -529.110
115.800 -518.930
177.510 -501.190
236.630 -476.140
292.290 -444.140
343.700 -405.670
390.090 -361.290
430.790 -311.630
465.220 -257.440
492.850 -199.480
513.310 -138.620
526.270 -75.740
531.560 -11.750
529.110 52.410
518.930 115.800
501.190 177.510
476.140 236.630
444.140 292.290
405.670 343.700
361.290 390.090
311.630 430.790
257.440 465.220
199.480 492.850
138.620 513.310
75.740 526.270
11.750 531.560
-52.410 529.110
-115.800 518.930
-177.510 501.190
-236.630 476.140
-292.290 444.140
-343.700 405.670
-416.250 435.070
-464.790 382.790
-506.800 325.130
-541.700 262.910
-568.990 196.990
-588.290 128.310
-599.340 57.830
-601.970 -13.460
-596.160 -84.560
-581.970 -154.480
-559.620 -222.220
-529.400 -286.850
-491.760 -347.450
-447.220 -403.180
-396.390 -453.240
-340.000 -496.940
-278.840 -533.670
-213.770 -562.900
-145.690 -584.230
-75.570 -597.360
-4.390 -602.110
66.860 -598.400
137.160 -586.290
205.540 -565.950
271.040 -537.670
332.730 -501.840
389.750 -458.970
441.290 -409.650
486.650 -354.580
525.170 -294.530
556.320 -230.350
579.660 -162.940
594.860 -93.240
601.710 -22.230
600.120 49.100
590.100 119.730
571.800 188.680
545.470 254.990
511.480 317.710
470.310 375.970
422.550 428.960
368.850 475.930
309.970 516.210
246.740 549.250
180.040 574.580
110.820 591.840
40.050 600.790
-31.290 601.310
-102.190 593.390
-171.650 577.140
-238.710 552.780
-302.410 520.670
-361.870 481.250
-416.250 435.070
-498.900 463.120
-549.290 402.070
-592.250 335.580
-627.210 264.560
-653.680 189.960
-671.310 112.780
-679.870 34.090
-679.230 -45.070
-669.400 -123.620
-650.530 -200.500
-622.850 -274.660
-586.750 -345.120
-542.720 -410.900
-491.350 -471.130
-433.330 -524.980
-369.450 -571.740
-300.580 -610.770
-227.640 -641.530
-151.630 -663.620
-73.560 -676.740
5.500 -680.700
84.490 -675.460
162.330 -661.080
237.980 -637.770
310.410 -605.830
378.650 -565.690
441.760 -517.910
498.900 -463.120
549.290 -402.070
592.250 -335.580
627.210 -264.560
653.680 -189.960
671.310 -112.780
679.870 -34.090
679.230 45.070
669.400 123.620
650.530 200.500
622.850 274.660
586.750 345.120
542.720 410.900
491.350 471.130
433.330 524.980
369.450 571.740
300.580 610.770
227.640 641.530
151.630 663.620
73.560 676.740
-5.500 680.700
-84.490 675.460
-162.330 661.080
-237.980 637.770
-310.410 605.830
-378.650 565.690
-441.760 517.910
-498.900 463.120
-592.630 489.170
-644.530 418.420
-688.030 342.230
-722.550 261.570
-747.660 177.500
-763.020 91.110
-768.430 3.540
-763.830 -84.080
-749.260 -170.600
-724.930 -254.890
-691.150 -335.870
-648.360 -412.460
-597.120 -483.680
-538.090 -548.600
-472.050 -606.360
-399.850 -656.220
-322.440 -697.520
-240.830 -729.730
-156.070 -752.420
-69.290 -765.310
18.400 -768.220
105.850 -761.110
191.920 -744.090
275.490 -717.360
355.470 -681.280
430.810 -636.320
500.540 -583.060
563.740 -522.200
619.590 -454.540
667.370 -380.950
706.440 -302.390
736.310 -219.890
756.570 -134.520
766.970 -47.410
767.380 40.330
757.780 127.540
738.300 213.090
709.200 295.860
670.850 374.780
623.760 448.810
568.530 516.980
505.890 578.420
436.660 632.320
361.730 677.970
282.090 714.790
198.780 742.280
112.870 760.100
25.480 768.020
-62.230 765.910
-149.130 753.830
-234.090 731.920
-316.000 700.460
-393.780 659.870
-466.440 610.680
-533.010 553.530
-592.630 489.170
-698.520 512.440
-752.380 429.480
-796.430 340.910
-830.100 247.900
-852.950 151.660
-864.680 53.440
-865.140 -45.470
-854.310 -143.790
-832.350 -240.240
-799.540 -333.550
-756.310 -422.520
-703.220 -505.980
-640.950 -582.840
-570.340 -652.110
-492.290 -712.870
-407.820 -764.340
-318.030 -805.840
-224.100 -836.840
-127.240 -856.930
-28.730 -865.850
70.160 -863.480
168.130 -849.860
263.910 -825.150
356.250 -789.690
443.950 -743.940
525.850 -688.480
600.910 -624.050
668.130 -551.480
726.640 -471.730
775.670 -385.820
814.600 -294.890
842.900 -200.110
860.220 -102.720
866.320 -3.990
861.130 94.790
844.710 192.330
817.280 287.370
779.200 378.660
730.950 465.010
673.180 545.300
606.640 618.480
532.180 683.600
450.790 739.810
363.520 786.370
271.510 822.690
175.960 848.270
78.110 862.800
-20.750 866.080
-119.340 858.070
-216.370 838.870
-310.590 808.740
-400.750 768.070
-485.690 717.380
-564.300 657.340
-635.550 588.730
-698.520 512.440
-818.270 531.210
-872.600 436.260
-915.960 335.810
-947.800 231.150
-967.720 123.570
-975.470 14.450
-970.950 -94.860
-954.230 -202.980
-925.500 -308.540
-885.140 -410.220
-833.640 -506.750
-771.660 -596.900
-699.980 -679.550
-619.490 -753.640
-531.210 -818.270
-436.260 -872.600
-335.810 -915.960
-231.150 -947.800
-123.570 -967.720
-14.450 -975.470
94.860 -970.950
202.980 -954.230
308.540 -925.500
410.220 -885.140
506.750 -833.640
596.900 -771.660
679.550 -699.980
753.640 -619.490
818.270 -531.210
872.600 -436.260
915.960 -335.810
947.800 -231.150
967.720 -123.570
975.470 -14.450
970.950 94.860
954.230 202.980
925.500 308.540
885.140 410.220
833.640 506.750
771.660 596.900
699.980 679.550
619.490 753.640
531.210 818.270
436.260 872.600
335.810 915.960
231.150 947.800
123.570 967.720
14.450 975.470
-94.860 970.950
-202.980 954.230
-308.540 925.500
-410.220 885.140
-506.750 833.640
-596.900 771.660
-679.550 699.980
-753.640 619.490
-818.270 531.210
-952.590 545.050
-1007.620 434.960
-1049.990 319.410
-1079.150 199.840
-1094.740 77.760
-1096.560 -45.300
-1084.590 -167.790
-1058.990 -288.170
-1020.060 -404.930
-968.310 -516.600
-904.380 -621.760
-829.080 -719.110
-743.350 -807.420
-648.280 -885.570
-545.050 -952.590
-434.960 -1007.620
-319.410 -1049.990
-199.840 -1079.150
-77.760 -1094.740
45.300 -1096.560
167.790 -1084.590
288.170 -1058.990
404.930 -1020.060
516.600 -968.310
621.760 -904.380
719.110 -829.080
807.420 -743.350
885.570 -648.280
952.590 -545.050
1007.620 -434.960
1049.990 -319.410
1079.150 -199.840
1094.740 -77.760
1096.560 45.300
1084.590 167.790
1058.990 288.170
1020.060 404.930
968.310 516.600
904.380 621.760
829.080 719.110
743.350 807.420
648.280 885.570
545.050 952.590
434.960 1007.620
319.410 1049.990
199.840 1079.150
77.760 1094.740
-45.300 1096.560
-167.790 1084.590
-288.170 1058.990
-404.930 1020.060
-516.600 968.310
-621.760 904.380
-719.110 829.080
-807.420 743.350
-885.570 648.280
-952.590 545.050
-1103.350 551.620
-1158.170 424.620
-1198.430 292.270
-1223.620 156.250
-1233.420 18.270
-1227.710 -119.950
-1206.560 -256.650
-1170.240 -390.130
-1119.200 -518.700
-1054.090 -640.750
-975.720 -754.740
-885.080 -859.240
-783.310 -952.940
-671.690 -1034.650
-551.620 -1103.350
-424.620 -1158.170
-292.270 -1198.430
-156.250 -1223.620
-18.270 -1233.420
119.950 -1227.710
256.650 -1206.560
390.130 -1170.240
518.700 -1119.200
640.750 -1054.090
754.740 -975.720
859.240 -885.080
952.940 -783.310
1034.650 -671.690
1103.350 -551.620
1158.170 -424.620
1198.430 -292.270
1223.620 -156.250
1233.420 -18.270
1227.710 119.950
1206.560 256.650
1170.240 390.130
1119.200 518.700
1054.090 640.750
975.720 754.740
885.080 859.240
783.310 952.940
671.690 1034.650
551.620 1103.350
424.620 1158.170
292.270 1198.430
156.250 1223.620
18.270 1233.420
-119.950 1227.710
-256.650 1206.560
-390.130 1170.240
-518.700 1119.200
-640.750 1054.090
-754.740 975.720
-859.240 885.080
-952.940 783.310
-1034.650 671.690
-1103.350 551.620
-1271.950 549.070
-1324.640 405.810
-1361.240 257.630
-1381.320 106.320
-1384.630 -46.290
-1371.130 -198.330
-1340.990 -347.960
-1294.580 -493.370
-1232.450 -632.790
-1155.350 -764.530
-1064.240 -886.980
-960.200 -998.680
-844.510 -1098.240
-718.570 -1184.480
-583.910 -1256.340
-442.160 -1312.950
-295.040 -1353.620
-144.340 -1377.860
8.120 -1385.380
160.470 -1376.080
310.880 -1350.070
457.510 -1307.680
598.590 -1249.410
732.400 -1175.980
857.320 -1088.270
971.840 -987.360
1074.560 -874.450
1164.230 -750.940
1239.780 -618.300
1300.270 -478.170
1344.980 -332.220
1373.360 -182.250
1385.080 -30.060
1379.980 122.490
1358.130 273.560
1319.790 421.300
1265.430 563.930
1195.720 699.720
1111.480 827.010
1013.760 944.260
903.730 1050.050
782.730 1143.100
652.230 1222.270
513.810 1286.600
369.160 1335.310
220.020 1367.820
68.210 1383.720
-84.420 1382.830
-236.030 1365.150
-384.780 1330.900
-528.850 1280.490
-666.510 1214.540
-796.070 1133.850
-915.970 1039.390
-1024.750 932.320
-1121.100 813.930
-1203.830 685.660
-1271.950 549.070
-1459.320 536.650
-1509.490 372.860
-1541.350 204.540
-1554.500 33.740
-1548.770 -137.480
-1524.250 -307.020
-1481.220 -472.840
-1420.220 -632.910
-1341.970 -785.310
-1247.440 -928.170
-1137.760 -1059.760
-1014.270 -1178.490
-878.470 -1282.920
-732.010 -1371.770
-576.660 -1443.970
-414.310 -1498.650
-246.930 -1535.130
-76.560 -1552.980
94.750 -1551.970
264.900 -1532.130
431.840 -1493.690
593.540 -1437.120
748.030 -1363.100
893.440 -1272.540
1028.010 -1166.530
1150.100 -1046.360
1258.230 -913.490
1351.080 -769.530
1427.540 -616.230
1486.660 -455.450
1527.740 -289.140
1550.280 -119.320
1553.990 51.950
1538.850 222.580
1505.020 390.520
1452.930 553.710
1383.200 710.190
1296.670 858.040
1194.410 995.480
1077.650 1120.830
947.810 1232.580
806.470 1329.370
655.330 1410.010
496.240 1473.550
331.120 1519.200
161.990 1546.400
-9.110 1554.840
-180.100 1544.400
-348.900 1515.210
-513.470 1467.630
-671.810 1402.240
-821.990 1319.820
-962.190 1221.390
-1090.710 1108.130
-1205.990 981.410
-1306.640 842.790
-1391.420 693.930
-1459.320 536.650
-1667.480 510.840
-1713.560 324.310
-1738.840 133.830
-1743.010 -58.270
-1726.020 -249.660
-1688.080 -438.020
-1629.650 -621.060
-1551.430 -796.570
-1454.390 -962.400
-1339.690 -1116.560
-1208.730 -1257.160
-1063.090 -1382.500
-904.550 -1491.050
-735.040 -1581.510
-556.600 -1652.770
-371.400 -1703.970
-181.690 -1734.490
10.220 -1743.950
202.000 -1732.240
391.340 -1699.510
575.920 -1646.140
753.520 -1572.790
921.960 -1480.350
1079.220 -1369.950
1223.370 -1242.910
1352.680 -1100.780
1465.560 -945.300
1560.660 -778.340
1636.810 -601.930
1693.090 -418.210
1728.820 -229.420
1743.570 -37.840
1737.150 154.200
1709.640 344.360
1661.380 530.350
1592.960 709.890
1505.200 880.820
1399.160 1041.060
1276.150 1188.660
1137.640 1321.830
985.320 1438.960
821.040 1538.620
646.800 1619.600
464.700 1680.930
276.970 1721.850
85.870 1741.860
-106.270 1740.740
-297.120 1718.480
-484.370 1675.370
-665.730 1611.910
-839.010 1528.890
-1002.110 1427.320
-1153.050 1308.410
-1289.980 1173.630
-1411.260 1024.600
-1515.410 863.130
-1601.170 691.180
-1667.480 510.840
-1897.990 468.820
-1937.550 260.860
-1954.400 49.850
-1948.330 -161.750
-1919.420 -371.450
-1868.010 -576.800
-1794.690 -775.390
-1700.340 -964.880
-1586.050 -1143.070
-1453.160 -1307.850
-1303.240 -1457.300
-1138.040 -1589.660
-959.500 -1703.380
-769.710 -1797.140
-570.890 -1869.820
-365.380 -1920.590
-155.580 -1948.830
56.030 -1954.230
266.990 -1936.720
474.820 -1896.500
677.090 -1834.040
871.410 -1750.080
1055.520 -1645.610
1227.260 -1521.840
1384.600 -1380.230
1525.720 -1222.440
1648.940 -1050.310
1752.830 -865.870
1836.170 -671.280
1897.990 -468.820
1937.550 -260.860
1954.400 -49.850
1948.330 161.750
1919.420 371.450
1868.010 576.800
1794.690 775.390
1700.340 964.880
1586.050 1143.070
1453.160 1307.850
1303.240 1457.300
1138.040 1589.660
959.500 1703.380
769.710 1797.140
570.890 1869.820
365.380 1920.590
155.580 1948.830
-56.030 1954.230
-266.990 1936.720
-474.820 1896.500
-677.090 1834.040
-871.410 1750.080
-1055.520 1645.610
-1227.260 1521.840
-1384.600 1380.230
-1525.720 1222.440
-1648.940 1050.310
-1752.830 865.870
-1836.170 671.280
-1897.990 468.820
-2151.970 409.400
-2183.620 174.330
-2189.670 -62.780
-2170.050 -299.160
-2124.980 -532.030
-2055.000 -758.660
-1960.930 -976.400
-1843.870 -1182.690
-1705.190 -1375.110
-1546.510 -1551.420
-1369.710 -1709.530
-1176.850 -1847.600
-970.190 -1964.010
-752.160 -2057.390
-525.300 -2126.650
-292.290 -2170.980
-55.850 -2189.860
181.240 -2183.060
416.210 -2150.670
646.290 -2093.060
868.810 -2010.910
1081.130 -1905.190
1280.780 -1777.130
1465.410 -1628.240
1632.870 -1460.250
1781.180 -1275.150
1908.600 -1075.100
2013.650 -862.440
2095.090 -639.670
2151.970 -409.400
2183.620 -174.330
2189.670 62.780
2170.050 299.160
2124.980 532.030
2055.000 758.660
1960.930 976.400
1843.870 1182.690
1705.190 1375.110
1546.510 1551.420
1369.710 1709.530
1176.850 1847.600
970.190 1964.010
752.160 2057.390
525.300 2126.650
292.290 2170.980
55.850 2189.860
-181.240 2183.060
-416.210 2150.670
-646.290 2093.060
-868.810 2010.910
-1081.130 1905.190
-1280.780 1777.130
-1465.410 1628.240
-1632.870 1460.250
-1781.180 1275.150
-1908.600 1075.100
-2013.650 862.440
-2095.090 639.670
-2151.970 409.400
-2431.490 327.370
-2452.630 62.560
-2445.020 -202.990
-2408.740 -466.150
-2344.220 -723.850
-2252.210 -973.060
-2133.810 -1210.860
-1990.380 -1434.470
-1823.620 -1641.260
-1635.480 -1828.800
-1428.160 -1994.910
-1204.100 -2137.630
-965.930 -2255.280
-716.420 -2346.500
-458.520 -2410.200
-195.250 -2445.650
70.320 -2452.420
335.060 -2430.440
595.870 -2379.970
849.700 -2301.590
1093.560 -2196.230
1324.610 -2065.120
1540.120 -1909.800
1737.580 -1732.090
1914.660 -1534.070
2069.300 -1318.070
2199.680 -1086.610
2304.270 -842.410
2381.840 -588.340
2431.490 -327.370
2452.630 -62.560
2445.020 202.990
2408.740 466.150
2344.220 723.850
2252.210 973.060
2133.810 1210.860
1990.380 1434.470
1823.620 1641.260
1635.480 1828.800
1428.160 1994.910
1204.100 2137.630
965.930 2255.280
716.420 2346.500
458.520 2410.200
195.250 2445.650
-70.320 2452.420
-335.060 2430.440
-595.870 2379.970
-849.700 2301.590
-1093.560 2196.230
-1324.610 2065.120
-1540.120 1909.800
-1737.580 1732.090
-1914.660 1534.070
-2069.300 1318.070
-2199.680 1086.610
-2304.270 842.410
-2381.840 588.340
-2431.490 327.370
-2738.070 218.590
-2745.650 -78.730
-2721.040 -375.120
-2664.530 -667.120
-2576.790 -951.290
-2458.830 -1224.320
-2312.040 -1482.990
-2138.150 -1724.270
-1939.190 -1945.340
-1717.490 -2143.600
-1475.660 -2316.720
-1216.530 -2462.690
-943.140 -2579.780
-658.680 -2666.630
-366.510 -2722.220
-70.040 -2745.890
227.260 -2737.360
521.890 -2696.740
810.400 -2624.510
1089.400 -2521.510
1355.640 -2388.940
1605.980 -2228.360
1837.500 -2041.660
2047.470 -1831.030
2233.440 -1598.920
2393.220 -1348.070
2524.940 -1081.420
2627.060 -802.090
2698.380 -513.350
2738.070 -218.590
2745.650 78.730
2721.040 375.120
2664.530 667.120
2576.790 951.290
2458.830 1224.320
2312.040 1482.990
2138.150 1724.270
1939.190 1945.340
1717.490 2143.600
1475.660 2316.720
1216.530 2462.690
943.140 2579.780
658.680 2666.630
366.510 2722.220
70.040 2745.890
-227.260 2737.360
-521.890 2696.740
-810.400 2624.510
-1089.400 2521.510
-1355.640 2388.940
-1605.980 2228.360
-1837.500 2041.660
-2047.470 1831.030
-2233.440 1598.920
-2393.220 1348.070
-2524.940 1081.420
-2627.060 802.090
-2698.380 513.350
-2738.070 218.590
-3073.160 78.380
-3064.080 -248.720
-3020.280 -573.000
-2942.270 -890.790
-2830.910 -1198.490
-2687.480 -1492.610
-2513.610 -1769.810
-2311.250 -2026.960
-2082.700 -2261.150
-1830.550 -2469.720
-1557.670 -2650.300
-1267.130 -2800.860
-962.240 -2919.680
-646.450 -3005.420
-323.330 -3057.110
3.450 -3074.160
330.200 -3056.370
653.200 -3003.960
968.800 -2917.510
1273.420 -2798.010
1563.620 -2646.800
1836.100 -2465.600
2087.770 -2256.470
2315.790 -2021.770
2517.570 -1764.160
2690.830 -1486.560
2833.600 -1192.120
2944.260 -884.180
3021.560 -566.210
3064.630 -241.830
3072.970 85.290
3046.500 411.440
2985.510 732.930
2890.690 1046.120
2763.120 1347.460
2604.240 1633.520
2415.850 1901.080
2200.090 2147.100
1959.400 2368.790
1696.520 2563.650
1414.410 2729.450
1116.270 2864.330
805.490 2966.750
485.580 3035.570
160.170 3069.980
-167.060 3069.610
-492.390 3034.470
-812.150 2964.940
-1122.700 2861.810
-1420.530 2726.270
-1702.270 2559.830
-1964.720 2364.390
-2204.910 2142.150
-2420.110 1895.650
-2607.900 1627.670
-2766.140 1341.250
-2893.030 1039.620
-2987.150 726.220
-3047.420 404.600
-3073.160 78.380
-3438.190 -95.420
-3408.570 -460.340
-3340.330 -820.040
-3234.240 -1170.450
-3091.500 -1507.600
-2913.740 -1827.660
-2702.970 -2127.020
-2461.560 -2402.280
-2192.270 -2650.320
-1898.140 -2868.330
-1582.500 -3053.840
-1248.940 -3204.750
-901.220 -3319.340
-543.290 -3396.330
-179.200 -3434.840
186.920 -3434.430
550.910 -3395.100
908.670 -3317.310
1256.130 -3201.930
1589.360 -3050.270
1904.580 -2864.060
2198.220 -2645.390
2466.960 -2396.740
2707.740 -2120.940
2917.840 -1821.110
3094.880 -1500.650
3236.860 -1163.180
3342.160 -812.530
3409.590 -452.680
3438.390 -87.700
3428.240 278.280
3379.240 641.100
3291.950 996.660
3167.360 1340.920
3006.880 1670.000
2812.340 1980.150
2585.930 2267.860
2330.220 2529.880
2048.110 2763.240
1742.790 2965.280
1417.730 3133.730
1076.600 3266.680
723.280 3362.610
361.760 3420.430
-3.860 3439.510
-369.440 3419.610
-730.830 3360.970
-1083.940 3264.250
-1424.770 3130.540
-1749.450 2961.360
-2054.310 2758.630
-2335.900 2524.640
-2591.020 2262.050
-2816.780 1973.830
-3010.630 1663.240
-3170.360 1333.810
-3294.180 989.260
-3380.670 633.510
-3428.850 270.570
-3438.190 -95.420
-3834.640 -311.260
-3779.830 -717.100
-3682.190 -1114.810
-3542.830 -1499.880
-3363.330 -1867.970
-3145.730 -2214.880
-2892.480 -2536.710
-2606.460 -2829.790
-2290.900 -3090.810
-1949.390 -3316.800
-1585.790 -3505.220
-1204.230 -3653.920
-809.020 -3761.220
-404.640 -3825.910
4.320 -3847.250
413.230 -3824.990
817.460 -3759.400
1212.430 -3651.210
1593.660 -3501.650
1956.840 -3312.420
2297.840 -3085.650
2612.810 -2823.930
2898.170 -2530.200
3150.700 -2207.810
3367.520 -1860.410
3546.190 -1491.920
3684.690 -1106.530
3781.430 -708.600
3835.330 -302.650
3845.770 106.740
3812.630 514.910
3736.300 917.250
3617.640 1309.200
3457.980 1686.310
3259.150 2044.320
3023.390 2379.170
2753.370 2687.060
2452.160 2964.500
2123.160 3208.350
1770.100 3415.850
1396.990 3584.650
1008.050 3712.840
607.690 3798.950
200.440 3842.020
-209.070 3841.560
-616.220 3797.580
-1016.390 3710.560
-1405.040 3581.510
-1777.770 3411.870
-2130.360 3203.570
-2458.810 2958.980
-2759.400 2680.860
-3028.730 2372.370
-3263.730 2037.000
-3461.760 1678.540
-3620.570 1301.070
-3738.350 908.860
-3813.780 506.340
-3846.000 98.100
-3834.640 -311.260
-4263.570 -575.810
-4178.210 -1025.740
-4045.520 -1464.050
-3866.980 -1885.760
-3644.630 -2286.110
-3380.980 -2660.560
-3079.030 -3004.870
-2742.180 -3315.120
-2374.270 -3587.820
-1979.460 -3819.860
-1562.220 -4008.630
-1127.280 -4151.970
-679.560 -4248.270
-224.150 -4296.440
233.800 -4295.920
689.110 -4246.730
1136.600 -4149.430
1571.220 -4005.110
1988.040 -3815.410
2382.330 -3582.480
2749.620 -3308.960
3085.770 -2997.940
3386.950 -2652.960
3649.750 -2277.920
3871.200 -1877.070
4048.790 -1454.950
4180.510 -1016.350
4264.860 -566.230
4300.880 -109.700
4288.180 348.080
4226.890 801.910
4117.700 1246.660
3961.860 1677.280
3761.130 2088.900
3517.790 2476.850
3234.590 2836.740
2914.740 3164.480
2561.860 3456.370
2179.960 3709.100
1773.350 3919.800
1346.660 4086.090
904.700 4206.080
452.500 4278.420
-4.830 4302.280
-462.110 4277.390
-914.150 4204.040
-1355.830 4083.060
-1782.150 3915.810
-2188.280 3704.190
-2569.620 3450.610
-2921.840 3157.930
-3240.950 2829.460
-3523.340 2468.940
-3765.820 2080.450
-3965.620 1668.380
-4120.490 1237.410
-4228.680 792.410
-4288.950 338.450
-4300.620 -119.360
-4263.570 -575.810
-4725.800 -896.570
-4603.730 -1393.810
-4429.500 -1875.260
-4205.080 -2335.460
-3933.010 -2769.200
-3616.380 -3171.570
-3258.770 -3538.000
-2864.250 -3864.340
-2437.270 -4146.900
-1982.670 -4382.470
-1505.610 -4568.390
-1011.490 -4702.550
-505.910 -4783.420
5.400 -4810.100
516.650 -4782.270
1022.050 -4700.260
1515.870 -4565.000
1992.510 -4378.010
2446.580 -4141.410
2872.920 -3857.900
3266.710 -3530.670
3623.490 -3163.440
3939.220 -2760.360
4210.310 -2326.010
4433.700 -1865.300
4606.850 -1383.460
4727.810 -885.950
4795.190 -378.390
4808.250 133.450
4766.820 643.780
4671.390 1146.810
4523.020 1636.850
4323.410 2108.350
4074.820 2555.960
3780.050 2974.600
3442.460 3359.540
3065.860 3706.420
2654.520 4011.310
2213.100 4270.740
1746.620 4481.780
1260.340 4642.050
759.780 4749.710
250.610 4803.570
-261.400 4802.990
-770.440 4748.000
-1270.760 4639.200
-1756.680 4477.850
-2222.690 4265.760
-2663.520 4005.330
-3074.170 3699.530
-3449.990 3351.800
-3786.720 2966.100
-4080.550 2546.790
-4328.140 2098.630
-4526.690 1626.690
-4673.950 1136.320
-4768.260 633.070
-4808.530 122.650
-4794.330 -389.160
-4725.800 -896.570
-5221.770 -1281.930
-5055.930 -1829.710
-4832.800 -2356.750
-4554.910 -2857.100
-4225.420 -3325.070
-3848.040 -3755.370
-3427.070 -4143.110
-2967.270 -4483.920
-2473.850 -4773.920
-1952.400 -5009.820
-1408.830 -5188.970
-849.290 -5309.320
-280.140 -5369.520
292.200 -5368.880
861.220 -5307.400
1420.480 -5185.790
1963.650 -5005.430
2484.570 -4768.350
2977.340 -4477.240
3436.370 -4135.400
3856.470 -3746.710
4232.870 -3315.570
4561.320 -2846.860
4838.080 -2345.890
5060.020 -1818.340
5224.640 -1270.200
5330.050 -707.660
5375.070 -137.100
5359.200 435.020
5282.600 1002.200
5146.140 1558.030
4951.380 2096.200
4700.520 2610.630
4396.390 3095.470
4042.460 3545.240
3642.720 3954.840
3201.710 4319.640
2724.420 4635.490
2216.270 4898.810
1683.000 5106.640
1130.660 5256.600
565.520 5347.000
-6.040 5376.820
-577.530 5345.720
-1142.470 5254.040
-1694.470 5102.840
-2227.270 4893.820
-2734.830 4629.350
-3211.410 4312.430
-3651.600 3946.650
-4050.410 3536.150
-4403.340 3085.590
-4706.370 2600.060
-4956.080 2085.070
-5149.630 1546.460
-5284.830 990.330
-5360.160 422.980
-5374.750 -149.170
-5328.450 -719.630
-5221.770 -1281.930
-5751.470 -1741.290
-5533.800 -2342.770
-5253.430 -2917.710
-4913.530 -3459.580
-4517.970 -3962.260
-4071.210 -4420.040
-3578.320 -4827.750
-3044.890 -5180.750
-2476.960 -5475.050
-1880.970 -5707.320
-1263.660 -5874.920
-632.040 -5975.960
6.750 -6009.280
645.460 -5974.520
1276.850 -5872.070
1893.780 -5703.080
2489.260 -5469.470
3056.520 -5173.890
3589.160 -4819.700
4081.130 -4410.890
4526.850 -3952.100
4921.290 -3448.540
5259.970 -2905.900
5539.050 -2330.340
5755.370 -1728.370
5906.480 -1106.820
5990.660 -472.730
6006.970 166.720
5955.220 804.280
5835.990 1432.720
5650.640 2044.930
5401.270 2633.970
5090.700 3193.170
4722.440 3716.190
4300.680 4197.100
3830.190 4630.460
3316.310 5011.350
2764.850 5335.460
2182.060 5599.120
1574.550 5799.340
949.190 5933.850
313.090 6001.120
-326.570 6000.410
-962.520 5931.700
-1587.570 5795.790
-2194.630 5594.200
-2776.820 5329.240
-3327.560 5003.890
-3840.590 4621.840
-4310.100 4187.430
-4730.780 3705.570
-5097.860 3181.730
-5407.170 2621.830
-5655.220 2032.230
-5839.200 1419.610
-5957.010 790.900
-6007.330 153.220
-5989.590 -486.190
-5903.980 -1120.090
-5751.470 -1741.290
-6314.350 -2285.120
-6035.680 -2943.350
-5688.630 -3568.230
-5277.120 -4152.680
-4805.820 -4690.080
-4280.070 -5174.330
-3705.830 -5599.970
-3089.590 -5962.150
-2438.350 -6256.770
-1759.490 -6480.510
-1060.680 -6630.820
-349.860 -6706.000
364.920 -6705.190
1075.580 -6628.420
1774.040 -6476.540
2452.400 -6251.280
3102.980 -5955.190
3718.400 -5591.630
4291.690 -5164.710
4816.350 -4679.270
5286.440 -4140.810
5696.630 -3555.440
6042.280 -2929.780
6319.470 -2270.930
6525.050 -1586.350
6656.700 -883.790
6712.930 -171.220
6693.100 543.290
6597.440 1251.650
6427.020 1945.820
6183.780 2617.950
5870.480 3260.410
5490.660 3865.930
5048.630 4427.650
4549.400 4939.210
3998.620 5394.800
3402.530 5789.260
2767.900 6118.130
2101.900 6377.680
1412.090 6564.970
706.270 6677.870
-7.540 6715.110
-721.270 6676.270
-1426.830 6561.780
-2116.220 6372.940
-2781.630 6111.900
-3415.530 5781.600
-4010.730 5385.800
-4560.480 4928.970
-5058.560 4416.300
-5499.330 3853.590
-5877.790 3247.220
-6189.650 2604.050
-6431.370 1931.380
-6600.230 1236.820
-6694.310 528.250
-6712.530 -186.300
-6654.700 -898.740
-6521.470 -1601.000
-6314.350 -2285.120
-6909.160 -2925.040
-6559.100 -3642.870
-6134.730 -4319.420
-5640.850 -4947.030
-5083.060 -5518.590
-4467.670 -6027.620
-3801.660 -6468.360
-3092.580 -6835.810
-2348.460 -7125.800
-1577.730 -7335.060
-789.120 -7461.210
8.430 -7502.820
805.880 -7459.420
1594.200 -7331.500
2364.460 -7120.510
3107.930 -6828.840
3816.180 -6459.800
4481.200 -6017.570
5095.440 -5507.160
5651.950 -4934.350
6144.420 -4305.630
6567.270 -3628.120
6915.710 -2909.510
7185.790 -2157.930
7374.460 -1381.910
7479.570 -590.220
7499.930 208.150
7435.320 1004.170
7286.460 1788.810
7055.040 2553.170
6743.690 3288.620
6355.930 3986.790
5896.150 4639.800
5369.560 5240.240
4782.140 5781.300
4140.540 6256.860
3452.010 6661.530
2724.380 6990.710
1965.880 7240.690
1185.100 7408.630
390.900 7492.630
-407.730 7491.730
-1201.740 7405.950
-1982.140 7236.260
-2740.080 6984.580
-3466.970 6653.750
-4154.580 6247.540
-4795.120 5770.540
-5381.320 5228.160
-5906.560 4626.550
-6364.870 3972.510
-6751.060 3273.460
-7060.760 2537.320
-7290.460 1772.430
-7437.560 987.460
-7500.380 191.300
-7478.230 -607.020
-7371.340 -1398.470
-7180.930 -2174.070
-6909.160 -2925.040
